# Aruco 1.0 CameraParameters 
fx = 3149.4806384257645 
cx = 700.19124361070647 
fy = 293.15823503268266 
cy = 422.0439115222466 
k1 = -1.2782949560388430 
k2 = 41.877403874761356 
p1 = 0.084538209404131481 p2 = 0.11158899203377866 
width = 640 
height = 480
