# Aruco 1.0 CameraParameters 
fx = 1176.3638206566845 
cx = 570.97586784149973 
fy = 1108.7045813079549 
cy = 456.08907987184006 
k1 = -0.26596522543551943 
k2 = 0.14673104769259288 
p1 = 0.025028145002583158 p2 = -0.0047712552931753289 
width = 640 
height = 480