<?xml version="1.0"?>
<opencv_storage>
<cameraMatrix type_id="opencv-matrix">
  <rows>3</rows>
  <cols>3</cols>
  <dt>d</dt>
  <data>
    3.1494806384257645e+03 0. 7.0019124361070647e+02 0.
    2.9315823503268266e+03 4.2290439115222466e+02 0. 0. 1.</data></cameraMatrix>
<distCoeffs type_id="opencv-matrix">
  <rows>1</rows>
  <cols>5</cols>
  <dt>d</dt>
  <data>
    -1.2782949560388430e+00 4.1877403874761356e+01
    8.4538209404131481e-02 1.1158899203377866e-01 1.3679512174438812e+03</data></distCoeffs>
</opencv_storage>
